0,0.25
0,0.25
0,0.25
1,0.125,1,64
1,0.125,1,60
1,0.125,1,62
1,0.25,1,62
1,0.5,1,64
1,0.125,1,64
0,0.25
0,0.25
1,0.125,1,60
1,0.125,1,60
1,0.125,1,60
1,0.125,1,60
1,0.25,1,67
1,0.125,1,67
1,0.25,1,64
1,0.25,1,62
0,0.125
0,0.25
0,0.25
0,0.25
1,0.125,1,64
1,0.125,1,60
1,0.125,1,62
1,0.25,1,62
1,0.25,1,64
0,0.125
1,0.125,1,64
1,0.125,1,60
1,0.25,1,62
0,0.125
1,0.5,1,64
0,0.125
1,0.5,1,60
0,0.5
0,0.25
0,0.25
0,0.25
1,0.125,1,64
1,0.125,1,60
1,0.125,1,62
1,0.25,1,62
1,0.5,1,64
1,0.125,1,64
0,0.25
1,0.125,1,60
1,0.125,1,60
1,0.125,1,60
1,0.125,1,60
1,0.25,1,67
1,0.125,1,67
1,0.25,1,67
1,0.25,1,62
0,0.125
0,0.25
0,0.25
0,0.125
1,0.125,1,60
1,0.125,1,64
1,0.125,1,60
1,0.125,1,62
1,0.25,1,62
1,0.25,1,64
0,0.125
1,0.125,1,64
1,0.125,1,60
1,0.25,1,62
1,0.125,1,64
1,0.25,1,62
0,0.25
1,0.125,1,64
1,0.25,1,62
0,0.125
1,0.125,1,64
1,0.25,1,64
1,0.25,1,60
0,0.125
1,0.25,1,62
0,0.125
1,0.5,1,60
0,0.125
1,0.25,1,62
0,0.125
1,0.5,1,64
0,0.125
0,0.5
1,0.125,1,60
1,0.125,1,60
1,0.125,1,60
1,0.125,1,60
1,0.25,1,67
1,0.125,1,67
1,0.25,1,64
1,0.25,1,62
1,0.25,1,62
0,0.125
1,0.5,1,60
0,0.125
1,0.25,1,62
0,0.125
1,0.25,1,64
1,0.125,1,62
1,0.125,1,60
1,0.25,1,62
0,0.25
1,0.5,1,60
0,0.125
0,1.0
1,0.25,1,62
0,0.125
1,0.5,1,60
0,0.125
1,0.25,2,62,76
0,0.125
1,0.5,1,64
0,0.125
0,0.5
1,0.125,1,60
1,0.125,1,60
1,0.125,1,60
1,0.125,1,60
1,0.25,1,67
1,0.125,1,67
1,0.25,1,64
1,0.25,1,62
1,0.25,1,62
0,0.125
1,0.5,1,60
0,0.125
1,0.25,1,62
0,0.125
1,0.25,1,64
1,0.125,1,62
1,0.125,1,60
1,1.0,1,67
